function coefs=stoneholmespassagetimelookuptable(rows)
%STONEHOLMESPASSAGETIMELOOKUPTABLE  960 by 4 PCHIP interpolation coefficients.
%   COEFS = STONEHOLMESPASSAGETIMELOOKUPTABLE(ROWS)
%
%   See also:
%       SHC_LV_INVPASSAGETIME, SHC_LV_INVPASSAGETIMEQ, SHC_LV_PARAMS, PCHIP

%   Andrew D. Horchler, adh9 @ case . edu, Created 6-29-12
%   Revision: 1.0, 6-29-12


c = [
-6.8902854916089682e-10  4.7049813303093638e-09  1.5374783115631913e-08  4.6813378144686441e-08
-4.6341748261989108e-17  4.7049813766511121e-09  2.2717660128767950e-08  6.6204114041466821e-08
-9.2683503141423117e-17  6.6538483560717721e-09  3.2127622743044929e-08  9.3626755500544134e-08
-1.8536695334328703e-16  9.4099623521284416e-09  4.5435319177137964e-08  1.3240822650697733e-07
-3.7073391992146386e-16  1.3307695909796058e-08  6.4255243325293987e-08  1.8725350785087678e-07
-7.4146776043358892e-16  1.8819923099562097e-08  9.0870634032684344e-08  2.6481644671523291e-07
-1.4829353620485002e-15  2.6615388610202702e-08  1.2851047800740526e-07  3.7450700310601159e-07
-2.9658705652783229e-15  3.7639839780346265e-08  1.8174125077900457e-07  5.2963286824068419e-07
-5.9317393306116328e-15  5.3230764382850130e-08  2.5702092144208541e-07  7.4901395583416446e-07
-1.1863475961305746e-14  7.5279653885587169e-08  3.6348243241256768e-07  1.0592656357273607e-06
-2.3726942181732599e-14  1.0646147741550351e-07  5.1404170459331413e-07  1.4980277101620396e-06
-4.7453855246707636e-14  1.5055920507081155e-07  7.2696458824349462e-07  2.1185308684439150e-06
-9.4907638283856519e-14  2.1292274943039072e-07  1.0280828560235520e-06  2.9960546143043659e-06
-1.8981504723354257e-13  3.0111799934066408e-07  1.4539280701614186e-06  4.2370601248506704e-06
-3.7962948206226427e-13  4.2584467725967191e-07  2.0561634993976050e-06  5.9921060045377058e-06
-7.5925721330742657e-13  6.0223435548142910e-07  2.9078517150285027e-06  8.4741138015655007e-06
-1.5185094570725516e-12  8.5168606812595518e-07  4.1123181482197210e-06  1.1984199112818219e-05
-3.0370048830443319e-12  1.2044621381943396e-06  5.8156857289432601e-06  1.6948201810654438e-05
-6.0739700351612400e-12  1.7033589907665201e-06  8.2246008943172901e-06  2.3968346640787155e-05
-1.2147827896055209e-11  2.4088979855641575e-06  1.1631300653940225e-05  3.3896300451900930e-05
-2.4295338056499376e-11  3.4066654002970475e-06  1.6449060181584852e-05  4.7936486943577416e-05
-4.8589777970083460e-11  4.8176908098250114e-06  2.3262318096164777e-05  6.7792188230121259e-05
-9.7177015552832834e-11  6.8131204812940468e-06  3.2897553946480890e-05  9.5872148546333077e-05
-1.9434684545412357e-10  9.6349609903992729e-06  4.6523503378022325e-05  1.3558272579709246e-04
-3.8867336854141090e-10  1.3625399730531843e-05  6.5792842318284508e-05  1.9174099581866860e-04
-7.7728926076094280e-10  1.9268239591482741e-05  9.3042475759242570e-05  2.7115884919411641e-04
-1.5544159698277753e-09  2.7247434893972578e-05  1.3157662307442577e-04  3.8346878725558097e-04
-3.1083722397504555e-09  3.8529750647058709e-05  1.8606682961446144e-04  5.4229129080800948e-04
-6.2154445074893636e-09  5.4481414408094424e-05  2.6311700579185961e-04  7.6688476269728988e-04
-1.2427213179301219e-08  7.7032595319168084e-05  3.7206118827452599e-04  1.0844769674527364e-03
-2.4844033662458666e-08  1.0890903039622625e-04  5.2608909727332425e-04  1.5335583238332512e-03
-4.9658688902045819e-08  1.5395763205328593e-04  7.4383262596478938e-04  2.1685316074691392e-03
-9.9234349240683375e-08  2.1760305176928658e-04  1.0515989140046551e-03  3.0662722067983125e-03
-1.9823412265038490e-07  3.0748555172934594e-04  1.4865073144955062e-03  4.3353749382230135e-03
-3.9580582077277868e-07  4.3434754248146542e-04  2.1008837155862469e-03  6.1291695703252153e-03
-7.8974223759751064e-07  6.1325642079241866e-04  2.9683913830868595e-03  8.6640050225721549e-03
-1.5742138151763480e-06  8.6527260563154344e-04  4.1925349979589042e-03  1.2244863084213835e-02
-3.1335869239909608e-06  1.2196873044363083e-03  5.9183575677764621e-03  1.7301096473989107e-02
-6.2254643045066282e-06  1.7169488500528868e-03  8.3483314158771058e-03  2.4436007759277886e-02
-1.2334012624617627e-05  2.4123357664975649e-03  1.1763552723069360e-02  3.4495062560903372e-02
-2.4341513151476812e-05  3.3802517945250785e-03  1.6551222218190637e-02  4.8658617037845679e-02
-4.7775940108241155e-05  4.7185872990853084e-03  2.3238701267786363e-02  6.8565749537409917e-02
-9.3050445107913105e-05  6.5516968319483046e-03  3.2532548045632256e-02  9.6475262164173348e-02
-1.7927415450576939e-04  9.0288589619077347e-03  4.5356790374205126e-02  1.3546645659664600e-01
-3.4018752169763522e-04  1.2312245376323458e-02  6.2876685834503288e-02  1.8967283177825309e-01
-6.3199335692297465e-04  1.6544379326228598e-02  8.6480614022057298e-02  2.6452157546738220e-01
-1.1400857131826370e-03  2.1781135190598960e-02  1.1767339260374557e-01  3.6691457545874512e-01
-1.9751755734928600e-03  2.7877561013465418e-02  1.5781540584539558e-01  5.0522901753990701e-01
-3.2392214495062521e-03  3.4332202501131504e-02  2.0764500115184784e-01  6.8894680882527515e-01
-4.9376596547284213e-03  4.0149313692025068e-02  2.6659174180559209e-01  9.2768479102874823e-01
-6.8458170125196283e-03  4.3870570104433126e-02  3.3207739022545696e-01  1.2294881868716370e+00
-8.4324906099614294e-03  4.3985907771995569e-02  3.9928107939676433e-01  1.5985903301890074e+00
-9.0304617217295546e-03  3.9759532378649154e-02  4.6195542311087118e-01  2.0334248267478059e+00
-8.2879422086875598e-03  3.1985887620339937e-02  5.1438310270298082e-01  2.5261093205155967e+00
-6.5096025789582734e-03  2.2828277502031646e-02  5.5349105131759802e-01  3.0641903686302299e+00
-4.4389914835597510e-03  1.4591698784465090e-02  5.7961879858478649e-01  3.6340000948709013e+00
-2.7012735169670288e-03  8.5267815199370212e-03  5.9548522170303742e-01  4.2237716007565931e+00
-1.5157550732839420e-03  4.6726243352356311e-03  6.0443496419201037e-01  4.8250823304626005e+00
-8.0775713820091521e-04  2.4577606827012044e-03  6.0923294764262981e-01  5.4326741639165625e+00
-4.1774781587999854e-04  1.2623198998049645e-03  6.1172519759342947e-01  6.0435571151036926e+00
-2.1254451977892330e-04  6.3996400486310279e-04  6.1299659394539940e-01  6.6561268847810471e+00
-1.0721747991615516e-04  3.2224303414052358e-04  6.1363888839578884e-01  7.2695508982115307e+00
-5.3848640579001739e-05  1.6169458911807766e-04  6.1396172202432142e-01  7.8834048121615439e+00
-2.6984754820880141e-05  8.0991559964438409e-05  6.1412356528082057e-01  8.4974743801344044e+00
-1.3507544066149180e-05  4.0531972278712303e-05  6.1420459413628681e-01  9.1116519522203685e+00
-6.7575710230860508e-06  2.0275050092277702e-05  6.1424513544864578e-01  9.7258835707848679e+00
-3.3797361616016985e-06  1.0139792994690033e-05  6.1426541283576108e-01  1.0340142223712583e+01
-1.6901058493834498e-06  5.0704637246656858e-06  6.1427555321326566e-01  1.0954414396605177e+01
-8.4511239761830836e-07  2.5353737254096842e-06  6.1428062382316684e-01  1.1568693330176318e+01
-4.2257106214194096e-07  1.2677223180102004e-06  6.1428315923342480e-01  1.2182975644260813e+01
-2.1128923333169070e-07  6.3387000837078489e-07  6.1428442696487440e-01  1.2797259648645493e+01
-1.0564557084702386e-07  3.1693725799364358e-07  6.1428506083719114e-01  1.3411544498191143e+01
-5.2822999863089137e-08  1.5846915257800021e-07  6.1428537777499459e-01  1.4025829770320021e+01
-2.6411564824080358e-08  7.9234726779731091e-08  6.1428553624430016e-01  1.4640115253741168e+01
-1.3205789017867176e-08  3.9617388369883599e-08  6.1428561547905924e-01  1.5254400842808630e+01
-6.6029044454296582e-09  1.9808715445712721e-08  6.1428565509646893e-01  1.5868686484699289e+01
-3.3014676548148714e-09  9.9043744317128812e-09  6.1428567490518649e-01  1.6482972153001569e+01
-1.6507133437926313e-09  4.9521524658757698e-09  6.1428568480953238e-01  1.7097257834509662e+01
-8.2534512557685957e-10  2.4760709038673667e-09  6.1428568976169728e-01  1.7711543522620634e+01
